kinematics:
  shoulder:
    x: 0
    y: 0
    z: 0.08914664306468624
    roll: -0
    pitch: 0
    yaw: 2.275931979838288e-05
  upper_arm:
    x: 0.0001466341117122226
    y: 0
    z: 0
    roll: 1.570290060342023
    pitch: 0
    yaw: 6.280041079983059e-05
  forearm:
    x: -0.4251916745423653
    y: 0
    z: 0
    roll: 0.0003091490339592329
    pitch: 0.001950558476390494
    yaw: 4.08247807639698e-06
  wrist_1:
    x: -0.3918186491567248
    y: -0.001045891489219097
    z: 0.1105517656644111
    roll: 0.009460367103364915
    pitch: 0.0001788320828663181
    yaw: 8.308250917034047e-06
  wrist_2:
    x: -9.99516732221599e-06
    y: -0.09467022518866641
    z: 8.102116881948943e-05
    roll: 1.569940501757224
    pitch: 0
    yaw: -5.706034414335038e-05
  wrist_3:
    x: 6.794369416571187e-05
    y: 0.08246919282460523
    z: 3.740035857124823e-05
    roll: 1.571249833792191
    pitch: 3.141592653589793
    yaw: 3.141541585853558
  hash: calib_7174952275152754380
  
# kinematics:
#   shoulder:
#     x: 0
#     y: 0
#     z: 0.089159
#     roll: -0
#     pitch: 0
#     yaw: -0
#   upper_arm:
#     x: 0
#     y: 0
#     z: 0
#     roll: 1.570796327
#     pitch: 0
#     yaw: -0
#   forearm:
#     x: -0.425
#     y: 0
#     z: 0
#     roll: -0
#     pitch: 0
#     yaw: -0
#   wrist_1:
#     x: -0.39225
#     y: 0
#     z: 0.10915
#     roll: -0
#     pitch: 0
#     yaw: -0
#   wrist_2:
#     x: 0
#     y: -0.09465
#     z: -1.941303950897609e-11
#     roll: 1.570796327
#     pitch: 0
#     yaw: -0
#   wrist_3:
#     x: 0
#     y: 0.0823
#     z: -1.688001216681175e-11
#     roll: 1.570796326589793
#     pitch: 3.141592653589793
#     yaw: 3.141592653589793
#   hash: calib_209549117540498681
